20243126 bakhtiyor 23 1084376644
20243106 baiysh 22 1092321427
2025 islombek 22 1093248752
2024 shokhruz 24 1093247737
20250000 sarvar 23 1020216645
20250001 odilbek 28 1016398533
20250002 nasiba 24 1024287866
20250003 chokhruz 30 1035257012
20250004 sabina 27 1020203830
20250005 zohid 26 1013700372
20250006 nargiza 19 1054478428
20250007 nasiba 28 1071332436
20250008 javlon 19 1043391187
20250009 umida 29 1055173579
20250010 isomiddin 24 1046355584
20250011 javlon 25 1024966457
20250012 umid 21 1014749271
20250013 muhammadali 22 1052530176
20250014 feruza 26 1052099204
20250015 kamila 20 1067154990
20250016 isomiddin 24 1062550017
20250017 nodir 22 1094242718
20250018 behruz 25 1047588256
20250019 mukhammad 20 1081960679
20250020 muhammadali 29 1005883470
20250021 aziza 22 1005767291
20250022 jamshid 28 1057126719
20250023 umida 24 1086141333
20250024 muhammadali 29 1025397732
20250025 habib 24 1015046000
20250026 shohruh 22 1025740738
20250027 azamat 24 1009666672
20250028 jamshid 24 1037850080
20250029 jasmina 28 1020827550
20250030 muhammadali 18 1033453030
20250031 saodat 23 1094222960
20250032 shavkat 27 1067833099
20250033 mumin 29 1081007433
20250034 guli 19 1055362612
20250035 dilnoza 19 1064730096
20250036 anvar 28 1088963334
20250037 habib 27 1073198984
20250038 madina 22 1091513415
20250039 muxlisa 21 1036840150
20250040 durdona 19 1000486529
20250041 islombek 30 1031302869
20250042 komila 28 1090681702
20250043 javlon 23 1034185587
20250044 kamila 27 1063622295
20250045 jafar 27 1040078443
20250046 behruz 19 1041060106
20250047 odilbek 25 1039955655
20250048 muxlisa 28 1026390462
20250049 shakhzod 19 1047258249
20250050 sohib 27 1056854657
20250051 isomiddin 22 1052685329
20250052 alim 29 1059995143
20250053 saodat 21 1062755371
20250054 lola 20 1076025924
20250055 feruza 21 1024305666
20250056 alim 26 1001352470
20250057 kamila 20 1089118391
20250058 mukhammad 23 1043314008
20250059 kamila 19 1095227578
20250060 muhammadali 26 1033583575
20250061 zafar 29 1099400946
20250062 jasmina 22 1079571955
20250063 sofia 24 1096723227
20250064 lola 22 1068255546
20250065 odil 27 1006450605
20250066 islombek 24 1015255849
20250067 jafar 19 1045708950
20250068 jamshid 20 1093347818
20250069 sabina 29 1071203814
20250070 malika 24 1090009394
20250071 muhammadali 28 1018613763
20250072 nodir 24 1050536259
20250073 temur 18 1078326298
20250074 komila 21 1087625163
20250075 alisher 23 1023958462
20250076 odilbek 27 1001187715
20250077 zohid 20 1036560681
20250078 kamila 18 1064277139
20250079 nazir 24 1060189705
20250080 jafar 26 1031080456
20250081 javlon 27 1082676442
20250082 malika 18 1000540851
20250083 islombek 21 1034026786
20250084 nargiza 28 1030987498
20250085 jamshid 26 1067718888
20250086 mokhira 28 1085606176
20250087 anvar 21 1029272788
20250088 sohib 24 1077242671
20250089 nodir 20 1022825618
20250090 habib 24 1068180259
20250091 temur 20 1006068333
20250092 javlon 19 1005524119
20250093 xurshid 21 1045962893
20250094 guli 24 1099024311
20250095 sofia 25 1006421093
20250096 zafar 30 1045412214
20250097 javlon 29 1076245202
20250098 jamshid 23 1091812572
20250099 nazir 20 1068328154
